0.092000
0.115000
0.074000
0.102000
0.043000
0.066000
0.078000
0.083000
0.172000
0.096000
0.056000
0.169000
0.055000
0.098000
0.113000
0.316000
0.153000
0.134000
0.064000
0.223000
0.090000
0.063000
0.213000
0.048000
0.124000
0.090000
0.298000
0.038000
0.075000
0.136000
0.054000
0.046000
0.101000
0.159000
0.043000
0.377000
0.034000
0.146000
0.211000
0.199000
0.060000
0.109000
0.063000
0.308000
0.051000
0.169000
0.059000
0.078000
0.064000
0.358000
0.055000
0.145000
0.169000
0.239000
0.061000
0.055000
0.040000
0.155000
0.202000
0.108000
0.031000
0.032000
0.060000
0.040000
0.099000
0.093000
0.042000
0.193000
0.075000
0.034000
0.119000
0.352000
0.036000
0.057000
0.229000
0.041000
0.059000
0.212000
0.279000
0.077000
0.078000
0.079000
0.055000
0.074000
0.033000
0.208000
0.168000
0.122000
0.204000
0.125000
0.047000
0.053000
0.173000
0.093000
0.106000
0.104000
0.109000
0.094000
0.049000
0.084000
0.030000
0.112000
0.051000
0.030000
0.045000
0.091000
0.280000
0.034000
0.204000
0.046000
0.290000
0.167000
0.038000
0.147000
0.051000
0.229000
0.137000
0.042000
0.074000
0.203000
0.194000
0.222000
0.068000
0.154000
0.060000
0.049000
0.077000
0.303000
0.071000
0.056000
0.033000
0.076000
0.044000
0.095000
0.262000
0.204000
0.073000
0.030000
0.087000
0.073000
0.065000
0.163000
0.042000
0.064000
0.076000
0.122000
0.104000
0.037000
0.256000
0.062000
0.090000
0.154000
0.043000
0.101000
0.103000
0.053000
0.145000
0.063000
0.073000
0.223000
0.076000
0.296000
0.136000
0.192000
0.039000
0.131000
0.048000
0.046000
0.035000
0.453000
0.073000
0.087000
0.075000
0.131000
0.092000
0.084000
0.131000
0.053000
0.125000
0.225000
0.123000
0.067000
0.080000
0.060000
0.030000
0.214000
0.197000
0.217000
0.058000
0.051000
0.031000
0.083000
0.086000
0.113000
0.054000
0.031000
0.048000
0.037000
0.248000
0.125000
0.290000
0.085000
0.031000
0.093000
0.085000
0.106000
0.045000
0.159000
0.196000
0.030000
0.106000
0.085000
0.150000
0.103000
0.069000
0.071000
0.030000
0.039000
0.102000
0.037000
0.064000
0.053000
0.130000
0.035000
0.060000
0.051000
0.063000
0.059000
0.084000
0.107000
0.355000
0.033000
0.090000
0.054000
0.031000
0.215000
0.057000
0.121000
0.194000
0.199000
0.047000
0.103000
0.108000
0.090000
0.336000
0.104000
0.155000
0.220000
0.134000
0.200000
0.085000
0.116000
0.035000
0.033000
0.128000
0.100000
0.079000
0.149000
0.074000
0.039000
0.051000
0.056000
0.200000
0.047000
0.042000
0.126000
0.045000
0.077000
0.083000
0.114000
0.120000
0.040000
0.076000
0.031000
0.076000
0.055000
0.116000
0.037000
0.045000
0.070000
0.384000
0.148000
0.175000
0.189000
0.565000
0.126000
0.250000
0.050000
0.034000
0.114000
0.049000
0.181000
0.053000
0.064000
0.044000
0.061000
0.060000
0.217000
0.035000
0.067000
0.114000
0.065000
0.045000
0.051000
0.113000
0.382000
0.031000
0.121000
0.065000
0.052000
0.095000
0.132000
0.109000
0.155000
0.040000
0.062000
0.035000
0.097000
0.087000
0.031000
0.109000
0.047000
0.046000
0.107000
0.054000
0.035000
0.046000
0.033000
0.067000
0.043000
0.212000
0.038000
0.124000
0.034000
0.045000
0.059000
0.033000
0.087000
0.080000
0.086000
0.063000
0.053000
0.037000
0.046000
0.135000
0.120000
0.047000
0.138000
0.127000
0.148000
0.191000
0.069000
0.065000
0.083000
0.093000
0.157000
0.041000
0.077000
0.064000
0.087000
0.106000
0.101000
0.218000
0.145000
0.365000
0.100000
0.046000
0.031000
0.089000
0.272000
0.141000
0.032000
0.040000
0.165000
0.051000
0.109000
0.070000
0.045000
0.171000
0.175000
0.057000
0.069000
0.169000
0.042000
0.035000
0.111000
0.058000
0.102000
0.097000
0.512000
0.134000
0.042000
0.107000
0.084000
0.084000
0.037000
0.057000
0.104000
0.179000
0.067000
0.081000
0.051000
0.151000
0.051000
0.045000
0.168000
0.062000
0.041000
0.071000
0.202000
0.058000
0.061000
0.180000
0.061000
0.039000
0.033000
0.055000
0.032000
0.076000
0.201000
0.174000
0.106000
0.120000
0.213000
0.068000
0.364000
0.064000
0.187000
0.090000
0.243000
0.194000
0.103000
0.215000
0.551000
0.383000
0.120000
0.032000
0.100000
0.234000
0.041000
0.040000
0.059000
0.036000
0.062000
0.107000
0.259000
0.249000
0.038000
0.063000
0.114000
0.253000
0.202000
0.090000
0.071000
0.167000
0.041000
0.082000
0.247000
0.143000
0.158000
0.042000
0.192000
0.099000
0.112000
0.131000
0.030000
0.373000
0.034000
0.067000
0.068000
0.035000
0.302000
0.129000
0.042000
0.036000
0.156000
0.031000
0.044000
0.033000
0.085000
0.066000
0.144000
0.049000
0.032000
0.094000
0.038000
0.066000
0.112000
0.341000
0.251000
0.103000
0.167000
0.089000
0.135000
0.129000
0.040000
0.042000
0.087000
0.291000
0.040000
